Initial Probabilities

0.019	0.019	0.019	0.019	0.019	0.019	0.019	0.019	0.019	0.019	

0.000	0.000	0.000	0.019	0.019	0.019	0.019	0.019	0.019	0.019	

0.019	0.000	0.019	0.019	0.019	0.019	0.000	0.000	0.019	0.019	

0.019	0.019	0.019	0.019	0.019	0.019	0.019	0.000	0.019	0.019	

0.019	0.019	0.019	0.019	0.019	0.019	0.019	0.019	0.019	0.019	

0.019	0.019	0.019	0.019	0.000	0.019	0.019	0.019	0.019	0.019	

Sum = 0.999960

R 3 0 1
Updated Grid
0.007	0.019	0.011	0.015	0.012	0.012	0.013	0.013	0.014	0.009	

0.000	0.000	0.000	0.012	0.016	0.016	0.012	0.012	0.018	0.014	

0.028	0.000	0.007	0.017	0.014	0.010	0.000	0.000	0.012	0.013	

0.117	0.067	0.017	0.013	0.014	0.017	0.007	0.000	0.012	0.013	

0.079	0.097	0.014	0.017	0.011	0.017	0.018	0.012	0.018	0.014	

0.009	0.014	0.014	0.008	0.000	0.008	0.014	0.013	0.014	0.009	

Sum = 0.999970

R 5 2 0
Updated Grid
0.011	0.015	0.016	0.015	0.015	0.014	0.014	0.015	0.015	0.011	

0.000	0.000	0.000	0.016	0.019	0.018	0.015	0.015	0.020	0.015	

0.044	0.000	0.011	0.017	0.018	0.014	0.000	0.000	0.015	0.015	

0.088	0.077	0.038	0.018	0.017	0.017	0.010	0.000	0.015	0.015	

0.076	0.012	0.007	0.003	0.014	0.019	0.019	0.016	0.020	0.015	

0.035	0.007	0.003	0.002	0.000	0.010	0.015	0.015	0.015	0.011	

Sum = 1.000000

Casper is most likely in Cell(3 , 0)
R 5 0 1
Updated Grid
0.005	0.011	0.007	0.010	0.008	0.008	0.008	0.009	0.009	0.006	

0.000	0.000	0.000	0.008	0.011	0.011	0.008	0.009	0.012	0.009	

0.018	0.000	0.009	0.012	0.010	0.008	0.000	0.000	0.009	0.009	

0.052	0.026	0.021	0.011	0.010	0.011	0.005	0.000	0.009	0.009	

0.162	0.187	0.009	0.007	0.006	0.011	0.011	0.009	0.012	0.009	

0.088	0.073	0.003	0.001	0.000	0.006	0.009	0.009	0.009	0.006	

Sum = 1.000030

Bye Casper

